params:

SST FINETUNE:
lr 	epochs	batch_size	hidden_prob 	dev		test
0.001	1	2048		0.5		0.285		0.267
0.0001	1	2048		0.5		0.0252		0.2654
0.00001	1	2048		0.5		0.144		0.174


0.0001	10	16		0.3 (C)		0.490		0.496 (OverFitting)
0.0001	10	16		0.5 (R)		
0.0001	10	32		0.3
0.0001	10	32		0.5

0.00001	10	16		0.3 (C)		0.524		0.523 (finalised)


SST PRETRAIN:

0.0001	30	16		0.3 (C)		0.338		0.331
0.0001	20	32		0.5 (C)		0.307		0.290
0.01	10	16		0.3 (C)		0.386		0.400 (finalised)
0.0001	10	32		0.5


CFIMDB FINETUNE:(Running in 3rd)
0.01	10	16		0.5		0.502		1.00
0.001	10	16		0.5		0.502		1.000
0.0001	10	16		0.5		0.947		0.490
0.0005	10	32		0.5		
0.00001	10	16		0.5		0.963		0.516 (Finalised)


CFIMDB PRETRAIN: (Running in 4th)
0.001	10	16		0.5		0.755		0.490
0.0001	10	16		0.5		0.665		0.336
0.00001	10	16		0.5		0.502		0.789 (Finalised)
0.00001	20	16		0.5		0.563		0.768 

SST FINETUNE: 0.00001, 10, 16,	0.3 , 0.524, 0.523
SST PRETRAIN:0.01,10, 16, 0.3 , 0.386	, 0.400
CFIMDB FINETUNE:0.00001,10, 16, 0.5, 0.963, 0.516
CFIMDB PRETRAIN:0.00001,10, 16, 0.5, 0.502, 0.789
